0 0.5
1 0.16959299413342824
2 -0.38495286536343615
3 -0.430734230282343
4 0.09275483420607233
5 0.49365651049577797
6 0.24212790854769206
7 -0.3294037226003095
8 -0.4655861629256303
9 0.013563117009698596
10 0.4747870014194569
11 0.3085190795757382
12 -0.2654963036093043
13 -0.48862433181758225
14 -0.06597275014825427
15 0.44387026690215736
16 0.36708190043121447
17 -0.1948521925568788
18 -0.49926416742794993
19 -0.14383462751368703
20 0.4016907868675052
21 0.4163304005563797
22 -0.11926391015099587
23 -0.4972356950146491
24 -0.2180468510792055
25 0.34931882167109085
26 0.4550149505766526
27 -0.040649430296012846
28 -0.4825903849515361
29 -0.28672636299973103
30 0.2880832553590884
31 0.4821539703439445
32 0.03899648649671337
33 -0.4556998467212999
34 -0.3481304922231551
35 0.21953787662022103
36 0.4970588355100335
37 0.11765290807826526
38 -0.41724639971204774
39 -0.400701172952507
40 0.14542195301687552
41 0.4993513506519553
42 0.19332400970967925
43 -0.3682057600737817
44 -0.44310447894203003
45 0.06761609888293313
46 0.48897334558674876
47 0.26408971603505255
48 -0.30982228293781905
49 -0.47426447048577053
50 -0.011905443305329048
51 0.46618815137922437
52 0.3281544209930532
53 -0.2435773882018913
54 -0.493390495266489
55 -0.0911248972749854
56 0.4315739185906221
57 0.38389254944971063
58 -0.1711519710438561
59 -0.49999725033437925
60 -0.16803215192689977
61 0.3860089473105177
62 0.42988980447363784
63 -0.09438375095804079
64 -0.4939170961637119
65 -0.24067576581033048
66 0.33064940120718855
67 0.464979053646942
68 -0.015220641537936685
69 -0.47530431033114695
70 -0.3072124829163964
71 0.266899971079313
72 0.4882699438342664
73 0.06432867580154167
74 -0.444631172882977
75 -0.3659540033786697
76 0.19637823229055912
77 0.49917149296581653
78 0.14224572002194688
79 -0.4026759827210647
80 -0.4154098223230987
81 0.12087360048022314
82 0.4974070855916206
83 0.21655342731444166
84 -0.3505033090791672
85 -0.45432504987608396
86 0.04230192700594604
87 0.4830214917102985
88 0.28536631703383925
89 -0.2894369791879108
90 -0.481712252687492
91 -0.03734311378821562
92 0.45637973077705957
93 0.3469383338053732
94 -0.2210264875381931
95 -0.4968765090229566
96 -0.1160406119808869
97 0.4181578097152997
98 0.3997071518604626
99 -0.1470076790730514
100 -0.4994330416788827
