0.000000 1.000000 0.000000
0.010000 1.000000 0.010000
0.020000 0.999875 0.019970
0.030000 0.999625 0.029909
0.040000 0.999252 0.039815
0.050000 0.998754 0.049688
0.060000 0.998133 0.059527
0.070000 0.997389 0.069330
0.080000 0.996522 0.079096
0.090000 0.995533 0.088823
0.100000 0.994423 0.098512
0.110000 0.993192 0.108161
0.120000 0.991839 0.117768
0.130000 0.990367 0.127333
0.140000 0.988775 0.136855
0.150000 0.987063 0.146332
0.160000 0.985233 0.155764
0.170000 0.983285 0.165149
0.180000 0.981219 0.174486
0.190000 0.979037 0.183775
0.200000 0.976737 0.193013
0.210000 0.974322 0.202201
0.220000 0.971791 0.211338
0.230000 0.969146 0.220421
0.240000 0.966386 0.229450
0.250000 0.963512 0.238425
0.260000 0.960526 0.247344
0.270000 0.957427 0.256206
0.280000 0.954217 0.265011
0.290000 0.950895 0.273757
0.300000 0.947463 0.282443
0.310000 0.943921 0.291068
0.320000 0.940270 0.299632
0.330000 0.936511 0.308133
0.340000 0.932643 0.316571
0.350000 0.928669 0.324944
0.360000 0.924588 0.333252
0.370000 0.920401 0.341494
0.380000 0.916109 0.349669
0.390000 0.911713 0.357776
0.400000 0.907213 0.365814
0.410000 0.902611 0.373782
0.420000 0.897906 0.381680
0.430000 0.893100 0.389505
0.440000 0.888194 0.397259
0.450000 0.883187 0.404939
0.460000 0.878082 0.412546
0.470000 0.872878 0.420077
0.480000 0.867576 0.427533
0.490000 0.862178 0.434912
0.500000 0.856684 0.442213
0.510000 0.851095 0.449437
0.520000 0.845411 0.456581
0.530000 0.839634 0.463646
0.540000 0.833765 0.470630
0.550000 0.827803 0.477533
0.560000 0.821751 0.484353
0.570000 0.815608 0.491091
0.580000 0.809376 0.497745
0.590000 0.803056 0.504314
0.600000 0.796648 0.510798
0.610000 0.790154 0.517197
0.620000 0.783574 0.523509
0.630000 0.776909 0.529733
0.640000 0.770160 0.535869
0.650000 0.763328 0.541916
0.660000 0.756414 0.547874
0.670000 0.749419 0.553742
0.680000 0.742344 0.559518
0.690000 0.735189 0.565203
0.700000 0.727956 0.570796
0.710000 0.720645 0.576296
0.720000 0.713258 0.581702
0.730000 0.705796 0.587014
0.740000 0.698259 0.592231
0.750000 0.690648 0.597352
0.760000 0.682965 0.602377
0.770000 0.675211 0.607306
0.780000 0.667386 0.612137
0.790000 0.659492 0.616869
0.800000 0.651529 0.621503
0.810000 0.643499 0.626038
0.820000 0.635402 0.630473
0.830000 0.627241 0.634807
0.840000 0.619014 0.639041
0.850000 0.610725 0.643172
0.860000 0.602374 0.647202
0.870000 0.593961 0.651129
0.880000 0.585489 0.654952
0.890000 0.576958 0.658672
0.900000 0.568369 0.662287
0.910000 0.559724 0.665798
0.920000 0.551023 0.669203
0.930000 0.542268 0.672502
0.940000 0.533459 0.675695
0.950000 0.524599 0.678781
0.960000 0.515687 0.681760
0.970000 0.506726 0.684630
0.980000 0.497717 0.687393
0.990000 0.488660 0.690046
1.000000 0.479557 0.692591
