0.000000 1.000000 0.000000
0.010000 0.999950 0.010000
0.020000 0.999800 0.019999
0.030000 0.999550 0.029996
0.040000 0.999200 0.039989
0.050000 0.998750 0.049979
0.060000 0.998201 0.059964
0.070000 0.997551 0.069943
0.080000 0.996802 0.079915
0.090000 0.995953 0.089879
0.100000 0.995004 0.099833
0.110000 0.993956 0.109778
0.120000 0.992809 0.119712
0.130000 0.991562 0.129634
0.140000 0.990216 0.139543
0.150000 0.988771 0.149438
0.160000 0.987227 0.159318
0.170000 0.985585 0.169182
0.180000 0.983844 0.179030
0.190000 0.982004 0.188859
0.200000 0.980067 0.198669
0.210000 0.978031 0.208460
0.220000 0.975897 0.218230
0.230000 0.973666 0.227978
0.240000 0.971338 0.237703
0.250000 0.968912 0.247404
0.260000 0.966390 0.257081
0.270000 0.963771 0.266731
0.280000 0.961055 0.276356
0.290000 0.958244 0.285952
0.300000 0.955336 0.295520
0.310000 0.952334 0.305059
0.320000 0.949235 0.314567
0.330000 0.946042 0.324043
0.340000 0.942755 0.333487
0.350000 0.939373 0.342898
0.360000 0.935897 0.352274
0.370000 0.932327 0.361615
0.380000 0.928665 0.370920
0.390000 0.924909 0.380188
0.400000 0.921061 0.389418
0.410000 0.917121 0.398609
0.420000 0.913089 0.407760
0.430000 0.908966 0.416871
0.440000 0.904752 0.425939
0.450000 0.900447 0.434966
0.460000 0.896052 0.443948
0.470000 0.891568 0.452886
0.480000 0.886995 0.461779
0.490000 0.882333 0.470626
0.500000 0.877583 0.479426
0.510000 0.872745 0.488177
0.520000 0.867819 0.496880
0.530000 0.862807 0.505533
0.540000 0.857709 0.514136
0.550000 0.852525 0.522687
0.560000 0.847255 0.531186
0.570000 0.841901 0.539632
0.580000 0.836463 0.548024
0.590000 0.830941 0.556361
0.600000 0.825336 0.564642
0.610000 0.819648 0.572867
0.620000 0.813878 0.581035
0.630000 0.808028 0.589145
0.640000 0.802096 0.597195
0.650000 0.796084 0.605186
0.660000 0.789992 0.613117
0.670000 0.783822 0.620986
0.680000 0.777573 0.628793
0.690000 0.771246 0.636537
0.700000 0.764842 0.644218
0.710000 0.758362 0.651834
0.720000 0.751806 0.659385
0.730000 0.745174 0.666870
0.740000 0.738469 0.674288
0.750000 0.731689 0.681639
0.760000 0.724836 0.688921
0.770000 0.717911 0.696135
0.780000 0.710914 0.703279
0.790000 0.703845 0.710353
0.800000 0.696707 0.717356
0.810000 0.689498 0.724287
0.820000 0.682221 0.731146
0.830000 0.674876 0.737931
0.840000 0.667463 0.744643
0.850000 0.659983 0.751280
0.860000 0.652437 0.757843
0.870000 0.644827 0.764329
0.880000 0.637151 0.770739
0.890000 0.629412 0.777072
0.900000 0.621610 0.783327
0.910000 0.613746 0.789504
0.920000 0.605820 0.795602
0.930000 0.597834 0.801620
0.940000 0.589788 0.807558
0.950000 0.581683 0.813416
0.960000 0.573520 0.819192
0.970000 0.565300 0.824886
0.980000 0.557023 0.830497
0.990000 0.548690 0.836026
1.000000 0.540302 0.841471
1.010000 0.531861 0.846832
1.020000 0.523366 0.852108
1.030000 0.514819 0.857299
1.040000 0.506220 0.862404
1.050000 0.497571 0.867423
1.060000 0.488872 0.872355
1.070000 0.480124 0.877201
1.080000 0.471328 0.881958
1.090000 0.462485 0.886627
1.100000 0.453596 0.891207
1.110000 0.444662 0.895699
1.120000 0.435682 0.900100
1.130000 0.426660 0.904412
1.140000 0.417595 0.908633
1.150000 0.408487 0.912764
1.160000 0.399340 0.916803
1.170000 0.390152 0.920751
1.180000 0.380925 0.924606
1.190000 0.371660 0.928369
1.200000 0.362358 0.932039
1.210000 0.353019 0.935616
1.220000 0.343646 0.939099
1.230000 0.334238 0.942489
1.240000 0.324796 0.945784
1.250000 0.315322 0.948985
1.260000 0.305817 0.952090
1.270000 0.296281 0.955101
1.280000 0.286715 0.958016
1.290000 0.277121 0.960835
1.300000 0.267499 0.963558
1.310000 0.257850 0.966185
1.320000 0.248175 0.968715
1.330000 0.238476 0.971148
1.340000 0.228753 0.973485
1.350000 0.219007 0.975723
1.360000 0.209239 0.977865
1.370000 0.199450 0.979908
1.380000 0.189641 0.981854
1.390000 0.179813 0.983701
1.400000 0.169967 0.985450
1.410000 0.160104 0.987100
1.420000 0.150225 0.988652
1.430000 0.140332 0.990105
1.440000 0.130424 0.991458
1.450000 0.120503 0.992713
1.460000 0.110570 0.993868
1.470000 0.100626 0.994924
1.480000 0.090672 0.995881
1.490000 0.080708 0.996738
1.500000 0.070737 0.997495
1.510000 0.060759 0.998152
1.520000 0.050774 0.998710
1.530000 0.040785 0.999168
1.540000 0.030791 0.999526
1.550000 0.020795 0.999784
1.560000 0.010796 0.999942
1.570000 0.000796 1.000000
1.580000 -0.009204 0.999958
1.590000 -0.019202 0.999816
1.600000 -0.029200 0.999574
1.610000 -0.039194 0.999232
1.620000 -0.049184 0.998790
1.630000 -0.059169 0.998248
1.640000 -0.069148 0.997606
1.650000 -0.079121 0.996865
1.660000 -0.089085 0.996024
1.670000 -0.099041 0.995083
1.680000 -0.108987 0.994043
1.690000 -0.118922 0.992904
1.700000 -0.128844 0.991665
1.710000 -0.138755 0.990327
1.720000 -0.148651 0.988890
1.730000 -0.158532 0.987354
1.740000 -0.168397 0.985719
1.750000 -0.178246 0.983986
1.760000 -0.188077 0.982154
1.770000 -0.197889 0.980224
1.780000 -0.207681 0.978197
1.790000 -0.217452 0.976071
1.800000 -0.227202 0.973848
1.810000 -0.236929 0.971527
1.820000 -0.246632 0.969109
1.830000 -0.256311 0.966594
1.840000 -0.265964 0.963983
1.850000 -0.275590 0.961275
1.860000 -0.285189 0.958471
1.870000 -0.294759 0.955572
1.880000 -0.304300 0.952576
1.890000 -0.313811 0.949486
1.900000 -0.323290 0.946300
1.910000 -0.332736 0.943020
1.920000 -0.342150 0.939645
1.930000 -0.351529 0.936177
1.940000 -0.360873 0.932615
1.950000 -0.370181 0.928960
1.960000 -0.379452 0.925212
1.970000 -0.388685 0.921371
1.980000 -0.397879 0.917438
1.990000 -0.407033 0.913413
2.000000 -0.416147 0.909297
2.010000 -0.425219 0.905091
2.020000 -0.434248 0.900793
2.030000 -0.443234 0.896406
2.040000 -0.452176 0.891929
2.050000 -0.461073 0.887362
2.060000 -0.469923 0.882707
2.070000 -0.478727 0.877964
2.080000 -0.487482 0.873133
2.090000 -0.496189 0.868215
2.100000 -0.504846 0.863209
2.110000 -0.513453 0.858118
2.120000 -0.522008 0.852940
2.130000 -0.530511 0.847678
2.140000 -0.538961 0.842330
2.150000 -0.547358 0.836899
2.160000 -0.555699 0.831383
2.170000 -0.563985 0.825785
2.180000 -0.572215 0.820104
2.190000 -0.580387 0.814341
2.200000 -0.588501 0.808496
2.210000 -0.596557 0.802571
2.220000 -0.604552 0.796565
2.230000 -0.612488 0.790480
2.240000 -0.620362 0.784316
2.250000 -0.628174 0.778073
2.260000 -0.635923 0.771753
2.270000 -0.643608 0.765355
2.280000 -0.651230 0.758881
2.290000 -0.658786 0.752331
2.300000 -0.666276 0.745705
2.310000 -0.673700 0.739005
2.320000 -0.681056 0.732231
2.330000 -0.688344 0.725384
2.340000 -0.695563 0.718465
2.350000 -0.702713 0.711473
2.360000 -0.709793 0.704411
2.370000 -0.716801 0.697278
2.380000 -0.723738 0.690075
2.390000 -0.730602 0.682803
2.400000 -0.737394 0.675463
2.410000 -0.744111 0.668056
2.420000 -0.750755 0.660581
2.430000 -0.757323 0.653041
2.440000 -0.763815 0.645435
2.450000 -0.770231 0.637765
2.460000 -0.776570 0.630031
2.470000 -0.782832 0.622234
2.480000 -0.789015 0.614374
2.490000 -0.795119 0.606454
2.500000 -0.801144 0.598472
2.510000 -0.807088 0.590431
2.520000 -0.812952 0.582331
2.530000 -0.818735 0.574172
2.540000 -0.824435 0.565956
2.550000 -0.830054 0.557684
2.560000 -0.835589 0.549355
2.570000 -0.841040 0.540972
2.580000 -0.846408 0.532535
2.590000 -0.851691 0.524044
2.600000 -0.856889 0.515501
2.610000 -0.862001 0.506907
2.620000 -0.867027 0.498262
2.630000 -0.871966 0.489567
2.640000 -0.876818 0.480823
2.650000 -0.881582 0.472031
2.660000 -0.886258 0.463191
2.670000 -0.890846 0.454306
2.680000 -0.895344 0.445375
2.690000 -0.899753 0.436399
2.700000 -0.904072 0.427380
2.710000 -0.908301 0.418318
2.720000 -0.912438 0.409214
2.730000 -0.916485 0.400069
2.740000 -0.920440 0.390885
2.750000 -0.924302 0.381661
2.760000 -0.928073 0.372399
2.770000 -0.931750 0.363100
2.780000 -0.935335 0.353764
2.790000 -0.938825 0.344393
2.800000 -0.942222 0.334988
2.810000 -0.945525 0.325549
2.820000 -0.948733 0.316078
2.830000 -0.951847 0.306575
2.840000 -0.954865 0.297041
2.850000 -0.957787 0.287478
2.860000 -0.960614 0.277886
2.870000 -0.963345 0.268266
2.880000 -0.965979 0.258619
2.890000 -0.968517 0.248947
2.900000 -0.970958 0.239249
2.910000 -0.973302 0.229528
2.920000 -0.975549 0.219784
2.930000 -0.977698 0.210017
2.940000 -0.979749 0.200230
2.950000 -0.981702 0.190423
2.960000 -0.983557 0.180596
2.970000 -0.985314 0.170752
2.980000 -0.986972 0.160890
2.990000 -0.988532 0.151013
3.000000 -0.989992 0.141120
3.010000 -0.991354 0.131213
3.020000 -0.992617 0.121293
3.030000 -0.993780 0.111361
3.040000 -0.994844 0.101418
3.050000 -0.995808 0.091465
3.060000 -0.996673 0.081502
3.070000 -0.997438 0.071532
3.080000 -0.998104 0.061554
3.090000 -0.998669 0.051570
3.100000 -0.999135 0.041581
3.110000 -0.999501 0.031587
3.120000 -0.999767 0.021591
3.130000 -0.999933 0.011592
3.140000 -0.999999 0.001593
3.150000 -0.999965 -0.008407
3.160000 -0.999831 -0.018406
3.170000 -0.999597 -0.028404
3.180000 -0.999263 -0.038398
3.190000 -0.998829 -0.048388
3.200000 -0.998295 -0.058374
3.210000 -0.997661 -0.068354
3.220000 -0.996928 -0.078327
3.230000 -0.996095 -0.088292
3.240000 -0.995162 -0.098249
3.250000 -0.994130 -0.108195
3.260000 -0.992998 -0.118131
3.270000 -0.991767 -0.128055
3.280000 -0.990437 -0.137966
3.290000 -0.989008 -0.147863
3.300000 -0.987480 -0.157746
3.310000 -0.985853 -0.167612
3.320000 -0.984128 -0.177462
3.330000 -0.982304 -0.187295
3.340000 -0.980382 -0.197108
3.350000 -0.978362 -0.206902
3.360000 -0.976244 -0.216675
3.370000 -0.974028 -0.226427
3.380000 -0.971715 -0.236155
3.390000 -0.969305 -0.245861
3.400000 -0.966798 -0.255541
3.410000 -0.964194 -0.265196
3.420000 -0.961494 -0.274825
3.430000 -0.958698 -0.284426
3.440000 -0.955806 -0.293998
3.450000 -0.952818 -0.303542
3.460000 -0.949735 -0.313054
3.470000 -0.946557 -0.322536
3.480000 -0.943285 -0.331985
3.490000 -0.939918 -0.341401
3.500000 -0.936457 -0.350783
3.510000 -0.932902 -0.360130
3.520000 -0.929254 -0.369441
3.530000 -0.925513 -0.378715
3.540000 -0.921680 -0.387951
3.550000 -0.917755 -0.397148
3.560000 -0.913737 -0.406306
3.570000 -0.909629 -0.415423
3.580000 -0.905429 -0.424498
3.590000 -0.901139 -0.433531
3.600000 -0.896758 -0.442520
3.610000 -0.892288 -0.451466
3.620000 -0.887729 -0.460366
3.630000 -0.883081 -0.469220
3.640000 -0.878345 -0.478027
3.650000 -0.873521 -0.486787
3.660000 -0.868609 -0.495497
3.670000 -0.863611 -0.504159
3.680000 -0.858526 -0.512769
3.690000 -0.853356 -0.521329
3.700000 -0.848100 -0.529836
3.710000 -0.842759 -0.538291
3.720000 -0.837334 -0.546691
3.730000 -0.831826 -0.555037
3.740000 -0.826234 -0.563327
3.750000 -0.820559 -0.571561
3.760000 -0.814803 -0.579738
3.770000 -0.808965 -0.587857
3.780000 -0.803046 -0.595917
3.790000 -0.797047 -0.603918
3.800000 -0.790968 -0.611858
3.810000 -0.784810 -0.619737
3.820000 -0.778573 -0.627554
3.830000 -0.772259 -0.635308
3.840000 -0.765867 -0.642999
3.850000 -0.759399 -0.650625
3.860000 -0.752855 -0.658186
3.870000 -0.746236 -0.665682
3.880000 -0.739542 -0.673111
3.890000 -0.732774 -0.680473
3.900000 -0.725932 -0.687766
3.910000 -0.719018 -0.694991
3.920000 -0.712033 -0.702146
3.930000 -0.704976 -0.709231
3.940000 -0.697848 -0.716246
3.950000 -0.690651 -0.723188
3.960000 -0.683385 -0.730058
3.970000 -0.676050 -0.736856
3.980000 -0.668648 -0.743579
3.990000 -0.661179 -0.750228
4.000000 -0.653644 -0.756802
4.010000 -0.646043 -0.763301
4.020000 -0.638378 -0.769723
4.030000 -0.630649 -0.776068
4.040000 -0.622857 -0.782336
4.050000 -0.615002 -0.788525
4.060000 -0.607087 -0.794636
4.070000 -0.599110 -0.800667
4.080000 -0.591073 -0.806618
4.090000 -0.582978 -0.812488
4.100000 -0.574824 -0.818277
4.110000 -0.566613 -0.823984
4.120000 -0.558345 -0.829609
4.130000 -0.550021 -0.835151
4.140000 -0.541642 -0.840609
4.150000 -0.533209 -0.845984
4.160000 -0.524722 -0.851273
4.170000 -0.516184 -0.856478
4.180000 -0.507593 -0.861597
4.190000 -0.498952 -0.866630
4.200000 -0.490261 -0.871576
4.210000 -0.481521 -0.876435
4.220000 -0.472732 -0.881206
4.230000 -0.463897 -0.885889
4.240000 -0.455015 -0.890484
4.250000 -0.446087 -0.894989
4.260000 -0.437115 -0.899405
4.270000 -0.428100 -0.903732
4.280000 -0.419041 -0.907967
4.290000 -0.409941 -0.912112
4.300000 -0.400799 -0.916166
4.310000 -0.391618 -0.920128
4.320000 -0.382397 -0.923998
4.330000 -0.373138 -0.927776
4.340000 -0.363842 -0.931461
4.350000 -0.354509 -0.935053
4.360000 -0.345141 -0.938551
4.370000 -0.335738 -0.941955
4.380000 -0.326302 -0.945266
4.390000 -0.316833 -0.948481
4.400000 -0.307333 -0.951602
4.410000 -0.297802 -0.954628
4.420000 -0.288241 -0.957558
4.430000 -0.278651 -0.960392
4.440000 -0.269033 -0.963131
4.450000 -0.259389 -0.965773
4.460000 -0.249718 -0.968319
4.470000 -0.240022 -0.970767
4.480000 -0.230303 -0.973119
4.490000 -0.220560 -0.975373
4.500000 -0.210796 -0.977530
4.510000 -0.201010 -0.979589
4.520000 -0.191204 -0.981550
4.530000 -0.181379 -0.983413
4.540000 -0.171536 -0.985178
4.550000 -0.161676 -0.986844
4.560000 -0.151800 -0.988411
4.570000 -0.141908 -0.989880
4.580000 -0.132003 -0.991249
4.590000 -0.122084 -0.992520
4.600000 -0.112153 -0.993691
4.610000 -0.102210 -0.994763
4.620000 -0.092258 -0.995735
4.630000 -0.082296 -0.996608
4.640000 -0.072326 -0.997381
4.650000 -0.062349 -0.998054
4.660000 -0.052365 -0.998628
4.670000 -0.042376 -0.999102
4.680000 -0.032383 -0.999476
4.690000 -0.022387 -0.999749
4.700000 -0.012389 -0.999923
4.710000 -0.002389 -0.999997
4.720000 0.007611 -0.999971
4.730000 0.017610 -0.999845
4.740000 0.027608 -0.999619
4.750000 0.037602 -0.999293
4.760000 0.047593 -0.998867
4.770000 0.057579 -0.998341
4.780000 0.067560 -0.997715
4.790000 0.077533 -0.996990
4.800000 0.087499 -0.996165
4.810000 0.097456 -0.995240
4.820000 0.107403 -0.994216
4.830000 0.117340 -0.993092
4.840000 0.127265 -0.991869
4.850000 0.137177 -0.990547
4.860000 0.147076 -0.989125
4.870000 0.156959 -0.987605
4.880000 0.166827 -0.985986
4.890000 0.176679 -0.984269
4.900000 0.186512 -0.982453
4.910000 0.196327 -0.980538
4.920000 0.206123 -0.978526
4.930000 0.215898 -0.976416
4.940000 0.225651 -0.974208
4.950000 0.235381 -0.971903
4.960000 0.245089 -0.969501
4.970000 0.254771 -0.967001
4.980000 0.264428 -0.964405
4.990000 0.274059 -0.961713
5.000000 0.283662 -0.958924
5.010000 0.293237 -0.956040
5.020000 0.302783 -0.953060
5.030000 0.312298 -0.949984
5.040000 0.321782 -0.946814
5.050000 0.331234 -0.943549
5.060000 0.340653 -0.940189
5.070000 0.350037 -0.936736
5.080000 0.359387 -0.933189
5.090000 0.368701 -0.929548
5.100000 0.377978 -0.925815
5.110000 0.387217 -0.921989
5.120000 0.396417 -0.918070
5.130000 0.405578 -0.914060
5.140000 0.414698 -0.909959
5.150000 0.423777 -0.905767
5.160000 0.432813 -0.901484
5.170000 0.441806 -0.897111
5.180000 0.450755 -0.892648
5.190000 0.459659 -0.888096
5.200000 0.468517 -0.883455
5.210000 0.477328 -0.878725
5.220000 0.486091 -0.873908
5.230000 0.494806 -0.869004
5.240000 0.503471 -0.864012
5.250000 0.512085 -0.858934
5.260000 0.520649 -0.853771
5.270000 0.529161 -0.848522
5.280000 0.537619 -0.843188
5.290000 0.546024 -0.837769
5.300000 0.554374 -0.832267
5.310000 0.562669 -0.826682
5.320000 0.570908 -0.821014
5.330000 0.579089 -0.815264
5.340000 0.587213 -0.809433
5.350000 0.595278 -0.803520
5.360000 0.603283 -0.797527
5.370000 0.611228 -0.791455
5.380000 0.619112 -0.785303
5.390000 0.626934 -0.779073
5.400000 0.634693 -0.772764
5.410000 0.642389 -0.766379
5.420000 0.650020 -0.759917
5.430000 0.657587 -0.753379
5.440000 0.665088 -0.746765
5.450000 0.672522 -0.740077
5.460000 0.679889 -0.733315
5.470000 0.687188 -0.726480
5.480000 0.694418 -0.719572
5.490000 0.701579 -0.712592
5.500000 0.708670 -0.705540
5.510000 0.715690 -0.698418
5.520000 0.722638 -0.691227
5.530000 0.729514 -0.683966
5.540000 0.736317 -0.676637
5.550000 0.743046 -0.669240
5.560000 0.749702 -0.661776
5.570000 0.756282 -0.654246
5.580000 0.762786 -0.646651
5.590000 0.769215 -0.638991
5.600000 0.775566 -0.631267
5.610000 0.781840 -0.623480
5.620000 0.788035 -0.615630
5.630000 0.794152 -0.607719
5.640000 0.800189 -0.599747
5.650000 0.806147 -0.591716
5.660000 0.812024 -0.583625
5.670000 0.817819 -0.575475
5.680000 0.823533 -0.567269
5.690000 0.829164 -0.559005
5.700000 0.834713 -0.550686
5.710000 0.840178 -0.542311
5.720000 0.845559 -0.533882
5.730000 0.850855 -0.525400
5.740000 0.856067 -0.516865
5.750000 0.861192 -0.508279
5.760000 0.866232 -0.499642
5.770000 0.871185 -0.490955
5.780000 0.876051 -0.482218
5.790000 0.880829 -0.473434
5.800000 0.885520 -0.464602
5.810000 0.890121 -0.455724
5.820000 0.894634 -0.446800
5.830000 0.899057 -0.437832
5.840000 0.903390 -0.428819
5.850000 0.907633 -0.419764
5.860000 0.911785 -0.410667
5.870000 0.915846 -0.401529
5.880000 0.919816 -0.392350
5.890000 0.923693 -0.383133
5.900000 0.927478 -0.373877
5.910000 0.931171 -0.364583
5.920000 0.934770 -0.355254
5.930000 0.938276 -0.345888
5.940000 0.941688 -0.336488
5.950000 0.945005 -0.327055
5.960000 0.948229 -0.317589
5.970000 0.951357 -0.308091
5.980000 0.954390 -0.298562
5.990000 0.957328 -0.289003
6.000000 0.960170 -0.279415
6.010000 0.962916 -0.269800
6.020000 0.965566 -0.260157
6.030000 0.968119 -0.250489
6.040000 0.970576 -0.240795
6.050000 0.972935 -0.231078
6.060000 0.975197 -0.221337
6.070000 0.977362 -0.211574
6.080000 0.979429 -0.201790
6.090000 0.981398 -0.191986
6.100000 0.983268 -0.182163
6.110000 0.985041 -0.172321
6.120000 0.986715 -0.162462
6.130000 0.988290 -0.152587
6.140000 0.989766 -0.142697
6.150000 0.991144 -0.132792
6.160000 0.992422 -0.122874
6.170000 0.993601 -0.112944
6.180000 0.994681 -0.103002
6.190000 0.995661 -0.093051
6.200000 0.996542 -0.083089
6.210000 0.997323 -0.073120
6.220000 0.998004 -0.063143
6.230000 0.998586 -0.053160
6.240000 0.999068 -0.043172
6.250000 0.999449 -0.033179
6.260000 0.999731 -0.023183
6.270000 0.999913 -0.013185
6.280000 0.999995 -0.003185
6.290000 0.999977 0.006815
6.300000 0.999859 0.016814
6.310000 0.999641 0.026811
6.320000 0.999322 0.036806
6.330000 0.998904 0.046798
6.340000 0.998386 0.056784
6.350000 0.997769 0.066765
6.360000 0.997051 0.076739
6.370000 0.996234 0.086706
6.380000 0.995317 0.096664
6.390000 0.994301 0.106612
6.400000 0.993185 0.116549
6.410000 0.991970 0.126475
6.420000 0.990655 0.136388
6.430000 0.989242 0.146288
6.440000 0.987730 0.156173
6.450000 0.986119 0.166042
6.460000 0.984409 0.175895
6.470000 0.982601 0.185730
6.480000 0.980694 0.195547
6.490000 0.978690 0.205344
6.500000 0.976588 0.215120
6.510000 0.974388 0.224875
6.520000 0.972090 0.234607
6.530000 0.969696 0.244316
6.540000 0.967204 0.254001
6.550000 0.964616 0.263660
6.560000 0.961931 0.273293
6.570000 0.959150 0.282898
6.580000 0.956273 0.292476
6.590000 0.953300 0.302024
6.600000 0.950233 0.311541
6.610000 0.947070 0.321028
6.620000 0.943812 0.330482
6.630000 0.940460 0.339904
6.640000 0.937014 0.349291
6.650000 0.933474 0.358644
6.660000 0.929841 0.367961
6.670000 0.926115 0.377240
6.680000 0.922297 0.386483
6.690000 0.918386 0.395686
6.700000 0.914383 0.404850
6.710000 0.910289 0.413973
6.720000 0.906104 0.423055
6.730000 0.901828 0.432095
6.740000 0.897462 0.441092
6.750000 0.893006 0.450044
6.760000 0.888461 0.458951
6.770000 0.883827 0.467813
6.780000 0.879105 0.476628
6.790000 0.874295 0.485395
6.800000 0.869397 0.494113
6.810000 0.864413 0.502782
6.820000 0.859342 0.511401
6.830000 0.854185 0.519969
6.840000 0.848943 0.528485
6.850000 0.843616 0.536948
6.860000 0.838204 0.545357
6.870000 0.832709 0.553711
6.880000 0.827130 0.562011
6.890000 0.821469 0.570254
6.900000 0.815725 0.578440
6.910000 0.809900 0.586568
6.920000 0.803994 0.594637
6.930000 0.798007 0.602648
6.940000 0.791941 0.610597
6.950000 0.785796 0.618486
6.960000 0.779572 0.626313
6.970000 0.773270 0.634077
6.980000 0.766890 0.641778
6.990000 0.760434 0.649415
7.000000 0.753902 0.656987
7.010000 0.747295 0.664493
7.020000 0.740613 0.671932
7.030000 0.733856 0.679305
7.040000 0.727027 0.686609
7.050000 0.720124 0.693845
7.060000 0.713150 0.701011
7.070000 0.706104 0.708108
7.080000 0.698988 0.715133
7.090000 0.691802 0.722087
7.100000 0.684547 0.728969
7.110000 0.677223 0.735778
7.120000 0.669831 0.742513
7.130000 0.662373 0.749174
7.140000 0.654848 0.755761
7.150000 0.647258 0.762271
7.160000 0.639603 0.768705
7.170000 0.631884 0.775063
7.180000 0.624102 0.781343
7.190000 0.616257 0.787545
7.200000 0.608351 0.793668
7.210000 0.600384 0.799712
7.220000 0.592357 0.805675
7.230000 0.584271 0.811559
7.240000 0.576126 0.817361
7.250000 0.567924 0.823081
7.260000 0.559665 0.828719
7.270000 0.551350 0.834274
7.280000 0.542980 0.839746
7.290000 0.534555 0.845133
7.300000 0.526078 0.850437
7.310000 0.517547 0.855655
7.320000 0.508965 0.860787
7.330000 0.500332 0.865834
7.340000 0.491648 0.870794
7.350000 0.482916 0.875667
7.360000 0.474135 0.880452
7.370000 0.465307 0.885149
7.380000 0.456433 0.889758
7.390000 0.447512 0.894278
7.400000 0.438547 0.898708
7.410000 0.429538 0.903049
7.420000 0.420487 0.907299
7.430000 0.411393 0.911458
7.440000 0.402258 0.915526
7.450000 0.393083 0.919503
7.460000 0.383868 0.923388
7.470000 0.374615 0.927180
7.480000 0.365325 0.930880
7.490000 0.355998 0.934487
7.500000 0.346635 0.938000
7.510000 0.337238 0.941419
7.520000 0.327807 0.944745
7.530000 0.318344 0.947975
7.540000 0.308848 0.951111
7.550000 0.299322 0.954152
7.560000 0.289765 0.957098
7.570000 0.280180 0.959947
7.580000 0.270567 0.962701
7.590000 0.260926 0.965359
7.600000 0.251260 0.967920
7.610000 0.241568 0.970384
7.620000 0.231852 0.972751
7.630000 0.222114 0.975021
7.640000 0.212352 0.977193
7.650000 0.202570 0.979268
7.660000 0.192767 0.981244
7.670000 0.182945 0.983123
7.680000 0.173105 0.984903
7.690000 0.163248 0.986585
7.700000 0.153374 0.988168
7.710000 0.143485 0.989653
7.720000 0.133581 0.991038
7.730000 0.123664 0.992324
7.740000 0.113735 0.993511
7.750000 0.103794 0.994599
7.760000 0.093843 0.995587
7.770000 0.083883 0.996476
7.780000 0.073914 0.997265
7.790000 0.063938 0.997954
7.800000 0.053955 0.998543
7.810000 0.043967 0.999033
7.820000 0.033975 0.999423
7.830000 0.023979 0.999712
7.840000 0.013981 0.999902
7.850000 0.003982 0.999992
7.860000 -0.006018 0.999982
7.870000 -0.016018 0.999872
7.880000 -0.026015 0.999662
7.890000 -0.036011 0.999351
7.900000 -0.046002 0.998941
7.910000 -0.055989 0.998431
7.920000 -0.065970 0.997822
7.930000 -0.075945 0.997112
7.940000 -0.085912 0.996303
7.950000 -0.095871 0.995394
7.960000 -0.105820 0.994385
7.970000 -0.115758 0.993277
7.980000 -0.125685 0.992070
7.990000 -0.135599 0.990764
8.000000 -0.145500 0.989358
8.010000 -0.155386 0.987854
8.020000 -0.165257 0.986251
8.030000 -0.175111 0.984549
8.040000 -0.184947 0.982748
8.050000 -0.194765 0.980850
8.060000 -0.204564 0.978853
8.070000 -0.214342 0.976759
8.080000 -0.224099 0.974566
8.090000 -0.233833 0.972277
8.100000 -0.243544 0.969890
8.110000 -0.253231 0.967406
8.120000 -0.262892 0.964825
8.130000 -0.272527 0.962148
8.140000 -0.282135 0.959375
8.150000 -0.291714 0.956506
8.160000 -0.301264 0.953541
8.170000 -0.310785 0.950480
8.180000 -0.320274 0.947325
8.190000 -0.329731 0.944075
8.200000 -0.339155 0.940731
8.210000 -0.348545 0.937292
8.220000 -0.357900 0.933760
8.230000 -0.367220 0.930134
8.240000 -0.376503 0.926415
8.250000 -0.385748 0.922604
8.260000 -0.394955 0.918701
8.270000 -0.404122 0.914705
8.280000 -0.413248 0.910618
8.290000 -0.422334 0.906440
8.300000 -0.431377 0.902172
8.310000 -0.440377 0.897813
8.320000 -0.449333 0.893364
8.330000 -0.458244 0.888827
8.340000 -0.467109 0.884200
8.350000 -0.475928 0.879484
8.360000 -0.484698 0.874681
8.370000 -0.493421 0.869791
8.380000 -0.502094 0.864813
8.390000 -0.510717 0.859749
8.400000 -0.519289 0.854599
8.410000 -0.527809 0.849363
8.420000 -0.536276 0.844043
8.430000 -0.544689 0.838638
8.440000 -0.553048 0.833149
8.450000 -0.561352 0.827577
8.460000 -0.569599 0.821922
8.470000 -0.577790 0.816185
8.480000 -0.585923 0.810367
8.490000 -0.593997 0.804467
8.500000 -0.602012 0.798487
8.510000 -0.609967 0.792427
8.520000 -0.617860 0.786288
8.530000 -0.625692 0.780070
8.540000 -0.633461 0.773774
8.550000 -0.641167 0.767401
8.560000 -0.648809 0.760951
8.570000 -0.656386 0.754425
8.580000 -0.663897 0.747824
8.590000 -0.671342 0.741147
8.600000 -0.678720 0.734397
8.610000 -0.686030 0.727573
8.620000 -0.693271 0.720677
8.630000 -0.700443 0.713708
8.640000 -0.707545 0.706668
8.650000 -0.714576 0.699557
8.660000 -0.721536 0.692377
8.670000 -0.728424 0.685127
8.680000 -0.735238 0.677809
8.690000 -0.741980 0.670422
8.700000 -0.748647 0.662969
8.710000 -0.755239 0.655450
8.720000 -0.761755 0.647865
8.730000 -0.768196 0.640215
8.740000 -0.774560 0.632501
8.750000 -0.780846 0.624724
8.760000 -0.787054 0.616884
8.770000 -0.793183 0.608983
8.780000 -0.799233 0.601021
8.790000 -0.805203 0.592999
8.800000 -0.811093 0.584917
8.810000 -0.816902 0.576777
8.820000 -0.822628 0.568579
8.830000 -0.828273 0.560325
8.840000 -0.833835 0.552014
8.850000 -0.839313 0.543648
8.860000 -0.844707 0.535228
8.870000 -0.850017 0.526755
8.880000 -0.855242 0.518228
8.890000 -0.860382 0.509650
8.900000 -0.865435 0.501021
8.910000 -0.870402 0.492342
8.920000 -0.875282 0.483613
8.930000 -0.880074 0.474836
8.940000 -0.884778 0.466012
8.950000 -0.889394 0.457141
8.960000 -0.893921 0.448224
8.970000 -0.898359 0.439263
8.980000 -0.902706 0.430257
8.990000 -0.906964 0.421209
9.000000 -0.911130 0.412118
9.010000 -0.915206 0.402987
9.020000 -0.919190 0.393815
9.030000 -0.923082 0.384603
9.040000 -0.926882 0.375353
9.050000 -0.930589 0.366066
9.060000 -0.934203 0.356742
9.070000 -0.937724 0.347382
9.080000 -0.941151 0.337988
9.090000 -0.944483 0.328559
9.100000 -0.947722 0.319098
9.110000 -0.950865 0.309605
9.120000 -0.953914 0.300081
9.130000 -0.956867 0.290527
9.140000 -0.959724 0.280944
9.150000 -0.962485 0.271333
9.160000 -0.965151 0.261695
9.170000 -0.967719 0.252031
9.180000 -0.970191 0.242341
9.190000 -0.972566 0.232627
9.200000 -0.974844 0.222890
9.210000 -0.977024 0.213130
9.220000 -0.979106 0.203350
9.230000 -0.981091 0.193549
9.240000 -0.982977 0.183728
9.250000 -0.984765 0.173889
9.260000 -0.986455 0.164033
9.270000 -0.988046 0.154161
9.280000 -0.989538 0.144273
9.290000 -0.990931 0.134370
9.300000 -0.992225 0.124454
9.310000 -0.993420 0.114526
9.320000 -0.994516 0.104586
9.330000 -0.995512 0.094636
9.340000 -0.996409 0.084676
9.350000 -0.997205 0.074708
9.360000 -0.997903 0.064733
9.370000 -0.998500 0.054751
9.380000 -0.998998 0.044763
9.390000 -0.999395 0.034771
9.400000 -0.999693 0.024775
9.410000 -0.999891 0.014777
9.420000 -0.999989 0.004778
9.430000 -0.999986 -0.005222
9.440000 -0.999884 -0.015221
9.450000 -0.999682 -0.025219
9.460000 -0.999380 -0.035215
9.470000 -0.998978 -0.045207
9.480000 -0.998476 -0.055194
9.490000 -0.997874 -0.065176
9.500000 -0.997172 -0.075151
9.510000 -0.996371 -0.085119
9.520000 -0.995470 -0.095078
9.530000 -0.994469 -0.105028
9.540000 -0.993369 -0.114967
9.550000 -0.992170 -0.124895
9.560000 -0.990871 -0.134810
9.570000 -0.989474 -0.144712
9.580000 -0.987977 -0.154599
9.590000 -0.986382 -0.164471
9.600000 -0.984688 -0.174327
9.610000 -0.982895 -0.184165
9.620000 -0.981005 -0.193984
9.630000 -0.979016 -0.203785
9.640000 -0.976929 -0.213564
9.650000 -0.974745 -0.223323
9.660000 -0.972463 -0.233059
9.670000 -0.970083 -0.242772
9.680000 -0.967607 -0.252460
9.690000 -0.965034 -0.262124
9.700000 -0.962365 -0.271761
9.710000 -0.959599 -0.281371
9.720000 -0.956738 -0.290952
9.730000 -0.953780 -0.300505
9.740000 -0.950728 -0.310028
9.750000 -0.947580 -0.319519
9.760000 -0.944337 -0.328979
9.770000 -0.941000 -0.338406
9.780000 -0.937569 -0.347799
9.790000 -0.934044 -0.357157
9.800000 -0.930426 -0.366479
9.810000 -0.926715 -0.375765
9.820000 -0.922911 -0.385013
9.830000 -0.919015 -0.394223
9.840000 -0.915027 -0.403393
9.850000 -0.910947 -0.412523
9.860000 -0.906776 -0.421612
9.870000 -0.902515 -0.430658
9.880000 -0.898163 -0.439662
9.890000 -0.893722 -0.448621
9.900000 -0.889191 -0.457536
9.910000 -0.884571 -0.466405
9.920000 -0.879863 -0.475227
9.930000 -0.875067 -0.484002
9.940000 -0.870183 -0.492728
9.950000 -0.865213 -0.501405
9.960000 -0.860155 -0.510032
9.970000 -0.855012 -0.518608
9.980000 -0.849783 -0.527132
9.990000 -0.844470 -0.535603
10.000000 -0.839072 -0.544021
10.010000 -0.833589 -0.552384
10.020000 -0.828024 -0.560693
10.030000 -0.822376 -0.568945
10.040000 -0.816645 -0.577140
10.050000 -0.810833 -0.585277
10.060000 -0.804940 -0.593356
10.070000 -0.798966 -0.601376
10.080000 -0.792913 -0.609335
10.090000 -0.786780 -0.617234
10.100000 -0.780568 -0.625071
10.110000 -0.774279 -0.632845
10.120000 -0.767911 -0.640556
10.130000 -0.761468 -0.648203
10.140000 -0.754948 -0.655785
10.150000 -0.748352 -0.663302
10.160000 -0.741682 -0.670752
10.170000 -0.734937 -0.678135
10.180000 -0.728119 -0.685450
10.190000 -0.721229 -0.692697
10.200000 -0.714266 -0.699875
10.210000 -0.707231 -0.706982
10.220000 -0.700126 -0.714019
10.230000 -0.692951 -0.720985
10.240000 -0.685707 -0.727878
10.250000 -0.678394 -0.734698
10.260000 -0.671013 -0.741446
10.270000 -0.663565 -0.748118
10.280000 -0.656051 -0.754717
10.290000 -0.648471 -0.761239
10.300000 -0.640826 -0.767686
10.310000 -0.633118 -0.774056
10.320000 -0.625346 -0.780348
10.330000 -0.617511 -0.786562
10.340000 -0.609615 -0.792698
10.350000 -0.601657 -0.798754
10.360000 -0.593640 -0.804731
10.370000 -0.585563 -0.810627
10.380000 -0.577427 -0.816442
10.390000 -0.569234 -0.822175
10.400000 -0.560984 -0.827826
10.410000 -0.552678 -0.833395
10.420000 -0.544317 -0.838880
10.430000 -0.535901 -0.844281
10.440000 -0.527431 -0.849598
10.450000 -0.518909 -0.854829
10.460000 -0.510335 -0.859976
10.470000 -0.501710 -0.865036
10.480000 -0.493035 -0.870010
10.490000 -0.484310 -0.874896
10.500000 -0.475537 -0.879696
10.510000 -0.466716 -0.884407
10.520000 -0.457849 -0.889030
10.530000 -0.448936 -0.893564
10.540000 -0.439978 -0.898009
10.550000 -0.430976 -0.902363
10.560000 -0.421931 -0.906628
10.570000 -0.412844 -0.910802
10.580000 -0.403715 -0.914885
10.590000 -0.394547 -0.918876
10.600000 -0.385338 -0.922775
10.610000 -0.376091 -0.926583
10.620000 -0.366807 -0.930297
10.630000 -0.357486 -0.933919
10.640000 -0.348129 -0.937447
10.650000 -0.338737 -0.940881
10.660000 -0.329311 -0.944221
10.670000 -0.319853 -0.947467
10.680000 -0.310362 -0.950618
10.690000 -0.300841 -0.953674
10.700000 -0.291289 -0.956635
10.710000 -0.281709 -0.959500
10.720000 -0.272100 -0.962269
10.730000 -0.262463 -0.964942
10.740000 -0.252801 -0.967518
10.750000 -0.243113 -0.969998
10.760000 -0.233401 -0.972380
10.770000 -0.223666 -0.974666
10.780000 -0.213908 -0.976854
10.790000 -0.204129 -0.978944
10.800000 -0.194330 -0.980936
10.810000 -0.184511 -0.982830
10.820000 -0.174674 -0.984626
10.830000 -0.164819 -0.986324
10.840000 -0.154947 -0.987923
10.850000 -0.145061 -0.989423
10.860000 -0.135159 -0.990824
10.870000 -0.125245 -0.992126
10.880000 -0.115317 -0.993329
10.890000 -0.105378 -0.994432
10.900000 -0.095429 -0.995436
10.910000 -0.085470 -0.996341
10.920000 -0.075502 -0.997146
10.930000 -0.065527 -0.997851
10.940000 -0.055546 -0.998456
10.950000 -0.045559 -0.998962
10.960000 -0.035567 -0.999367
10.970000 -0.025571 -0.999673
10.980000 -0.015574 -0.999879
10.990000 -0.005574 -0.999984
11.000000 0.004426 -0.999990
11.010000 0.014425 -0.999896
11.020000 0.024423 -0.999702
11.030000 0.034419 -0.999407
11.040000 0.044411 -0.999013
11.050000 0.054399 -0.998519
11.060000 0.064381 -0.997925
11.070000 0.074357 -0.997232
11.080000 0.084325 -0.996438
11.090000 0.094285 -0.995545
11.100000 0.104236 -0.994553
11.110000 0.114176 -0.993461
11.120000 0.124105 -0.992269
11.130000 0.134021 -0.990978
11.140000 0.143924 -0.989589
11.150000 0.153813 -0.988100
11.160000 0.163686 -0.986513
11.170000 0.173543 -0.984826
11.180000 0.183382 -0.983042
11.190000 0.193203 -0.981159
11.200000 0.203005 -0.979178
11.210000 0.212786 -0.977099
11.220000 0.222547 -0.974922
11.230000 0.232284 -0.972648
11.240000 0.241999 -0.970276
11.250000 0.251690 -0.967808
11.260000 0.261355 -0.965243
11.270000 0.270994 -0.962581
11.280000 0.280606 -0.959823
11.290000 0.290190 -0.956969
11.300000 0.299745 -0.954019
11.310000 0.309270 -0.950974
11.320000 0.318765 -0.947834
11.330000 0.328227 -0.944599
11.340000 0.337656 -0.941270
11.350000 0.347052 -0.937846
11.360000 0.356413 -0.934329
11.370000 0.365738 -0.930718
11.380000 0.375027 -0.927014
11.390000 0.384278 -0.923217
11.400000 0.393491 -0.919329
11.410000 0.402664 -0.915348
11.420000 0.411798 -0.911275
11.430000 0.420890 -0.907112
11.440000 0.429939 -0.902858
11.450000 0.438946 -0.898513
11.460000 0.447909 -0.894079
11.470000 0.456828 -0.889555
11.480000 0.465700 -0.884943
11.490000 0.474526 -0.880241
11.500000 0.483305 -0.875452
11.510000 0.492035 -0.870575
11.520000 0.500716 -0.865612
11.530000 0.509347 -0.860561
11.540000 0.517927 -0.855425
11.550000 0.526455 -0.850203
11.560000 0.534931 -0.844896
11.570000 0.543353 -0.839504
11.580000 0.551721 -0.834029
11.590000 0.560033 -0.828470
11.600000 0.568290 -0.822829
11.610000 0.576489 -0.817105
11.620000 0.584631 -0.811299
11.630000 0.592715 -0.805412
11.640000 0.600739 -0.799445
11.650000 0.608704 -0.793398
11.660000 0.616607 -0.787271
11.670000 0.624449 -0.781066
11.680000 0.632228 -0.774782
11.690000 0.639944 -0.768421
11.700000 0.647596 -0.761984
11.710000 0.655184 -0.755470
11.720000 0.662705 -0.748880
11.730000 0.670161 -0.742216
11.740000 0.677550 -0.735477
11.750000 0.684870 -0.728665
11.760000 0.692123 -0.721780
11.770000 0.699306 -0.714823
11.780000 0.706419 -0.707794
11.790000 0.713461 -0.700695
11.800000 0.720432 -0.693525
11.810000 0.727332 -0.686286
11.820000 0.734158 -0.678979
11.830000 0.740911 -0.671603
11.840000 0.747590 -0.664161
11.850000 0.754194 -0.656652
11.860000 0.760723 -0.649077
11.870000 0.767175 -0.641438
11.880000 0.773551 -0.633734
11.890000 0.779850 -0.625967
11.900000 0.786070 -0.618137
11.910000 0.792212 -0.610246
11.920000 0.798275 -0.602293
11.930000 0.804258 -0.594280
11.940000 0.810160 -0.586208
11.950000 0.815982 -0.578077
11.960000 0.821722 -0.569889
11.970000 0.827379 -0.561643
11.980000 0.832954 -0.553342
11.990000 0.838446 -0.544984
12.000000 0.843854 -0.536573
12.010000 0.849177 -0.528108
12.020000 0.854416 -0.519590
12.030000 0.859569 -0.511020
12.040000 0.864636 -0.502399
12.050000 0.869617 -0.493727
12.060000 0.874511 -0.485007
12.070000 0.879317 -0.476237
12.080000 0.884035 -0.467420
12.090000 0.888665 -0.458557
12.100000 0.893206 -0.449647
12.110000 0.897658 -0.440693
12.120000 0.902020 -0.431695
12.130000 0.906292 -0.422653
12.140000 0.910473 -0.413569
12.150000 0.914563 -0.404444
12.160000 0.918561 -0.395278
12.170000 0.922468 -0.386073
12.180000 0.926283 -0.376829
12.190000 0.930005 -0.367548
12.200000 0.933634 -0.358229
12.210000 0.937169 -0.348875
12.220000 0.940611 -0.339486
12.230000 0.943959 -0.330063
12.240000 0.947212 -0.320607
12.250000 0.950371 -0.311119
12.260000 0.953434 -0.301600
12.270000 0.956403 -0.292051
12.280000 0.959275 -0.282473
12.290000 0.962052 -0.272866
12.300000 0.964733 -0.263232
12.310000 0.967317 -0.253571
12.320000 0.969804 -0.243886
12.330000 0.972194 -0.234176
12.340000 0.974487 -0.224442
12.350000 0.976683 -0.214686
12.360000 0.978781 -0.204909
12.370000 0.980781 -0.195111
12.380000 0.982683 -0.185294
12.390000 0.984487 -0.175458
12.400000 0.986192 -0.165604
12.410000 0.987799 -0.155734
12.420000 0.989307 -0.145849
12.430000 0.990716 -0.135948
12.440000 0.992026 -0.126035
12.450000 0.993237 -0.116108
12.460000 0.994348 -0.106170
12.470000 0.995360 -0.096222
12.480000 0.996272 -0.086263
12.490000 0.997085 -0.076296
12.500000 0.997798 -0.066322
12.510000 0.998412 -0.056341
12.520000 0.998925 -0.046354
12.530000 0.999339 -0.036363
12.540000 0.999652 -0.026368
12.550000 0.999866 -0.016370
12.560000 0.999980 -0.006371
12.570000 0.999993 0.003629
12.580000 0.999907 0.013629
12.590000 0.999721 0.023627
12.600000 0.999435 0.033623
12.610000 0.999048 0.043616
12.620000 0.998562 0.053604
12.630000 0.997976 0.063586
12.640000 0.997291 0.073563
12.650000 0.996505 0.083532
12.660000 0.995620 0.093493
12.670000 0.994635 0.103444
12.680000 0.993551 0.113385
12.690000 0.992368 0.123315
12.700000 0.991085 0.133232
12.710000 0.989703 0.143136
12.720000 0.988222 0.153026
12.730000 0.986643 0.162900
12.740000 0.984964 0.172758
12.750000 0.983187 0.182599
12.760000 0.981312 0.192422
12.770000 0.979339 0.202225
12.780000 0.977268 0.212008
12.790000 0.975099 0.221770
12.800000 0.972833 0.231510
12.810000 0.970469 0.241226
12.820000 0.968008 0.250919
12.830000 0.965451 0.260586
12.840000 0.962796 0.270228
12.850000 0.960046 0.279842
12.860000 0.957200 0.289428
12.870000 0.954258 0.298986
12.880000 0.951220 0.308513
12.890000 0.948087 0.318010
12.900000 0.944860 0.327474
12.910000 0.941538 0.336907
12.920000 0.938122 0.346305
12.930000 0.934612 0.355669
12.940000 0.931009 0.364997
12.950000 0.927312 0.374289
12.960000 0.923523 0.383543
12.970000 0.919642 0.392759
12.980000 0.915668 0.401935
12.990000 0.911603 0.411072
13.000000 0.907447 0.420167
13.010000 0.903200 0.429220
13.020000 0.898863 0.438231
13.030000 0.894435 0.447197
13.040000 0.889919 0.456119
13.050000 0.885313 0.464995
13.060000 0.880619 0.473825
13.070000 0.875837 0.482607
13.080000 0.870967 0.491342
13.090000 0.866010 0.500027
13.100000 0.860967 0.508661
13.110000 0.855837 0.517246
13.120000 0.850622 0.525778
13.130000 0.845322 0.534258
13.140000 0.839937 0.542684
13.150000 0.834468 0.551056
13.160000 0.828916 0.559373
13.170000 0.823281 0.567634
13.180000 0.817563 0.575838
13.190000 0.811764 0.583985
13.200000 0.805884 0.592074
13.210000 0.799923 0.600103
13.220000 0.793882 0.608072
13.230000 0.787762 0.615980
13.240000 0.781563 0.623827
13.250000 0.775285 0.631611
13.260000 0.768931 0.639332
13.270000 0.762499 0.646989
13.280000 0.755991 0.654582
13.290000 0.749408 0.662109
13.300000 0.742749 0.669570
13.310000 0.736016 0.676964
13.320000 0.729210 0.684290
13.330000 0.722331 0.691548
13.340000 0.715379 0.698736
13.350000 0.708356 0.705855
13.360000 0.701263 0.712903
13.370000 0.694099 0.719880
13.380000 0.686865 0.726785
13.390000 0.679563 0.733617
13.400000 0.672193 0.740376
13.410000 0.664756 0.747061
13.420000 0.657252 0.753671
13.430000 0.649683 0.760206
13.440000 0.642048 0.766664
13.450000 0.634350 0.773046
13.460000 0.626588 0.779351
13.470000 0.618763 0.785578
13.480000 0.610876 0.791726
13.490000 0.602929 0.797795
13.500000 0.594921 0.803784
13.510000 0.586853 0.809693
13.520000 0.578727 0.815521
13.530000 0.570543 0.821268
13.540000 0.562302 0.826932
13.550000 0.554005 0.832514
13.560000 0.545652 0.838012
13.570000 0.537245 0.843426
13.580000 0.528784 0.848757
13.590000 0.520270 0.854002
13.600000 0.511704 0.859162
13.610000 0.503087 0.864236
13.620000 0.494420 0.869223
13.630000 0.485703 0.874124
13.640000 0.476937 0.878937
13.650000 0.468124 0.883663
13.660000 0.459264 0.888300
13.670000 0.450359 0.892848
13.680000 0.441408 0.897307
13.690000 0.432413 0.901676
13.700000 0.423375 0.905955
13.710000 0.414294 0.910143
13.720000 0.405172 0.914240
13.730000 0.396009 0.918246
13.740000 0.386807 0.922161
13.750000 0.377567 0.925982
13.760000 0.368288 0.929712
13.770000 0.358973 0.933348
13.780000 0.349621 0.936891
13.790000 0.340235 0.940340
13.800000 0.330815 0.943696
13.810000 0.321362 0.946957
13.820000 0.311876 0.950123
13.830000 0.302359 0.953194
13.840000 0.292812 0.956170
13.850000 0.283236 0.959050
13.860000 0.273632 0.961835
13.870000 0.264000 0.964523
13.880000 0.254342 0.967114
13.890000 0.244658 0.969609
13.900000 0.234950 0.972008
13.910000 0.225218 0.974308
13.920000 0.215464 0.976512
13.930000 0.205688 0.978618
13.940000 0.195892 0.980625
13.950000 0.186076 0.982535
13.960000 0.176242 0.984347
13.970000 0.166389 0.986060
13.980000 0.156521 0.987675
13.990000 0.146636 0.989190
14.000000 0.136737 0.990607
14.010000 0.126824 0.991925
14.020000 0.116899 0.993144
14.030000 0.106962 0.994263
14.040000 0.097014 0.995283
14.050000 0.087057 0.996203
14.060000 0.077090 0.997024
14.070000 0.067116 0.997745
14.080000 0.057136 0.998366
14.090000 0.047149 0.998888
14.100000 0.037158 0.999309
14.110000 0.027164 0.999631
14.120000 0.017166 0.999853
14.130000 0.007167 0.999974
14.140000 -0.002833 0.999996
14.150000 -0.012833 0.999918
14.160000 -0.022831 0.999739
14.170000 -0.032827 0.999461
14.180000 -0.042820 0.999083
14.190000 -0.052808 0.998605
14.200000 -0.062792 0.998027
14.210000 -0.072769 0.997349
14.220000 -0.082738 0.996571
14.230000 -0.092700 0.995694
14.240000 -0.102652 0.994717
14.250000 -0.112594 0.993641
14.260000 -0.122524 0.992466
14.270000 -0.132443 0.991191
14.280000 -0.142348 0.989817
14.290000 -0.152239 0.988344
14.300000 -0.162114 0.986772
14.310000 -0.171974 0.985102
14.320000 -0.181816 0.983333
14.330000 -0.191640 0.981465
14.340000 -0.201445 0.979500
14.350000 -0.211230 0.977436
14.360000 -0.220994 0.975275
14.370000 -0.230735 0.973017
14.380000 -0.240454 0.970661
14.390000 -0.250148 0.968208
14.400000 -0.259817 0.965658
14.410000 -0.269461 0.963011
14.420000 -0.279077 0.960269
14.430000 -0.288666 0.957430
14.440000 -0.298226 0.954495
14.450000 -0.307755 0.951466
14.460000 -0.317255 0.948340
14.470000 -0.326722 0.945121
14.480000 -0.336157 0.941806
14.490000 -0.345558 0.938397
14.500000 -0.354924 0.934895
14.510000 -0.364255 0.931299
14.520000 -0.373550 0.927610
14.530000 -0.382807 0.923828
14.540000 -0.392026 0.919954
14.550000 -0.401206 0.915988
14.560000 -0.410346 0.911930
14.570000 -0.419444 0.907781
14.580000 -0.428501 0.903541
14.590000 -0.437515 0.899211
14.600000 -0.446485 0.894791
14.610000 -0.455410 0.890282
14.620000 -0.464290 0.885683
14.630000 -0.473124 0.880996
14.640000 -0.481910 0.876221
14.650000 -0.490648 0.871358
14.660000 -0.499337 0.866408
14.670000 -0.507976 0.861371
14.680000 -0.516564 0.856249
14.690000 -0.525100 0.851040
14.700000 -0.533584 0.845747
14.710000 -0.542015 0.840369
14.720000 -0.550391 0.834907
14.730000 -0.558713 0.829361
14.740000 -0.566978 0.823733
14.750000 -0.575187 0.818022
14.760000 -0.583339 0.812229
14.770000 -0.591432 0.806355
14.780000 -0.599465 0.800401
14.790000 -0.607439 0.794366
14.800000 -0.615352 0.788252
14.810000 -0.623204 0.782059
14.820000 -0.630993 0.775788
14.830000 -0.638720 0.769440
14.840000 -0.646382 0.763014
14.850000 -0.653980 0.756512
14.860000 -0.661512 0.749935
14.870000 -0.668978 0.743282
14.880000 -0.676377 0.736555
14.890000 -0.683709 0.729755
14.900000 -0.690972 0.722881
14.910000 -0.698166 0.715936
14.920000 -0.705291 0.708918
14.930000 -0.712344 0.701830
14.940000 -0.719327 0.694672
14.950000 -0.726238 0.687444
14.960000 -0.733076 0.680147
14.970000 -0.739840 0.672782
14.980000 -0.746531 0.665351
14.990000 -0.753147 0.657852
15.000000 -0.759688 0.650288
15.010000 -0.766153 0.642659
15.020000 -0.772541 0.634965
15.030000 -0.778852 0.627208
15.040000 -0.785085 0.619388
15.050000 -0.791239 0.611507
15.060000 -0.797315 0.603564
15.070000 -0.803310 0.595561
15.080000 -0.809226 0.587498
15.090000 -0.815060 0.579376
15.100000 -0.820813 0.571197
15.110000 -0.826484 0.562960
15.120000 -0.832072 0.554667
15.130000 -0.837577 0.546319
15.140000 -0.842998 0.537916
15.150000 -0.848335 0.529459
15.160000 -0.853587 0.520950
15.170000 -0.858754 0.512388
15.180000 -0.863835 0.503775
15.190000 -0.868829 0.495112
15.200000 -0.873737 0.486399
15.210000 -0.878557 0.477637
15.220000 -0.883290 0.468828
15.230000 -0.887934 0.459972
15.240000 -0.892489 0.451069
15.250000 -0.896955 0.442122
15.260000 -0.901331 0.433131
15.270000 -0.905617 0.424096
15.280000 -0.909813 0.415019
15.290000 -0.913918 0.405900
15.300000 -0.917931 0.396741
15.310000 -0.921852 0.387542
15.320000 -0.925681 0.378304
15.330000 -0.929418 0.369028
15.340000 -0.933062 0.359716
15.350000 -0.936612 0.350367
15.360000 -0.940069 0.340984
15.370000 -0.943432 0.331566
15.380000 -0.946700 0.322116
15.390000 -0.949874 0.312633
15.400000 -0.952953 0.303118
15.410000 -0.955936 0.293574
15.420000 -0.958824 0.284000
15.430000 -0.961616 0.274398
15.440000 -0.964312 0.264768
15.450000 -0.966912 0.255112
15.460000 -0.969414 0.245430
15.470000 -0.971820 0.235724
15.480000 -0.974129 0.225994
15.490000 -0.976340 0.216242
15.500000 -0.978453 0.206467
15.510000 -0.980469 0.196673
15.520000 -0.982387 0.186858
15.530000 -0.984206 0.177025
15.540000 -0.985927 0.167175
15.550000 -0.987550 0.157307
15.560000 -0.989073 0.147424
15.570000 -0.990498 0.137526
15.580000 -0.991824 0.127614
15.590000 -0.993050 0.117690
15.600000 -0.994178 0.107754
15.610000 -0.995205 0.097807
15.620000 -0.996134 0.087850
15.630000 -0.996962 0.077884
15.640000 -0.997691 0.067911
15.650000 -0.998321 0.057931
15.660000 -0.998850 0.047945
15.670000 -0.999279 0.037954
15.680000 -0.999609 0.027960
15.690000 -0.999839 0.017962
15.700000 -0.999968 0.007963
15.710000 -0.999998 -0.002037
15.720000 -0.999928 -0.012036
15.730000 -0.999757 -0.022035
15.740000 -0.999487 -0.032031
15.750000 -0.999117 -0.042024
15.760000 -0.998646 -0.052013
15.770000 -0.998076 -0.061997
15.780000 -0.997406 -0.071974
15.790000 -0.996637 -0.081945
15.800000 -0.995768 -0.091907
15.810000 -0.994799 -0.101860
15.820000 -0.993730 -0.111802
15.830000 -0.992563 -0.121734
15.840000 -0.991296 -0.131653
15.850000 -0.989930 -0.141560
15.860000 -0.988465 -0.151452
15.870000 -0.986901 -0.161329
15.880000 -0.985238 -0.171189
15.890000 -0.983477 -0.181033
15.900000 -0.981618 -0.190859
15.910000 -0.979660 -0.200665
15.920000 -0.977604 -0.210451
15.930000 -0.975451 -0.220217
15.940000 -0.973200 -0.229960
15.950000 -0.970852 -0.239680
15.960000 -0.968407 -0.249377
15.970000 -0.965864 -0.259048
15.980000 -0.963226 -0.268694
15.990000 -0.960491 -0.278312
16.000000 -0.957659 -0.287903
16.010000 -0.954733 -0.297465
16.020000 -0.951710 -0.306998
16.030000 -0.948593 -0.316499
16.040000 -0.945380 -0.325969
16.050000 -0.942073 -0.335407
16.060000 -0.938672 -0.344810
16.070000 -0.935177 -0.354180
16.080000 -0.931589 -0.363514
16.090000 -0.927907 -0.372811
16.100000 -0.924133 -0.382071
16.110000 -0.920266 -0.391293
16.120000 -0.916307 -0.400476
16.130000 -0.912257 -0.409619
16.140000 -0.908115 -0.418721
16.150000 -0.903882 -0.427781
16.160000 -0.899559 -0.436799
16.170000 -0.895146 -0.445772
16.180000 -0.890644 -0.454701
16.190000 -0.886053 -0.463585
16.200000 -0.881372 -0.472422
16.210000 -0.876604 -0.481212
16.220000 -0.871748 -0.489954
16.230000 -0.866805 -0.498647
16.240000 -0.861776 -0.507290
16.250000 -0.856660 -0.515882
16.260000 -0.851458 -0.524423
16.270000 -0.846171 -0.532911
16.280000 -0.840800 -0.541346
16.290000 -0.835345 -0.549726
16.300000 -0.829806 -0.558052
16.310000 -0.824184 -0.566322
16.320000 -0.818480 -0.574536
16.330000 -0.812693 -0.582692
16.340000 -0.806826 -0.590789
16.350000 -0.800878 -0.598828
16.360000 -0.794850 -0.606807
16.370000 -0.788742 -0.614725
16.380000 -0.782555 -0.622581
16.390000 -0.776290 -0.630375
16.400000 -0.769948 -0.638107
16.410000 -0.763529 -0.645774
16.420000 -0.757033 -0.653377
16.430000 -0.750461 -0.660915
16.440000 -0.743815 -0.668386
16.450000 -0.737094 -0.675791
16.460000 -0.730299 -0.683128
16.470000 -0.723431 -0.690396
16.480000 -0.716491 -0.697596
16.490000 -0.709480 -0.704726
16.500000 -0.702397 -0.711785
16.510000 -0.695244 -0.718774
16.520000 -0.688022 -0.725690
16.530000 -0.680731 -0.732534
16.540000 -0.673371 -0.739304
16.550000 -0.665945 -0.746001
16.560000 -0.658452 -0.752623
16.570000 -0.650893 -0.759170
16.580000 -0.643268 -0.765641
16.590000 -0.635580 -0.772035
16.600000 -0.627828 -0.778352
16.610000 -0.620013 -0.784591
16.620000 -0.612136 -0.790752
16.630000 -0.604198 -0.796834
16.640000 -0.596200 -0.802836
16.650000 -0.588142 -0.808758
16.660000 -0.580025 -0.814599
16.670000 -0.571850 -0.820358
16.680000 -0.563618 -0.826035
16.690000 -0.555330 -0.831630
16.700000 -0.546986 -0.837142
16.710000 -0.538587 -0.842570
16.720000 -0.530135 -0.847913
16.730000 -0.521629 -0.853172
16.740000 -0.513072 -0.858346
16.750000 -0.504463 -0.863433
16.760000 -0.495803 -0.868435
16.770000 -0.487094 -0.873349
16.780000 -0.478337 -0.878177
16.790000 -0.469531 -0.882916
16.800000 -0.460679 -0.887567
16.810000 -0.451780 -0.892129
16.820000 -0.442836 -0.896602
16.830000 -0.433848 -0.900986
16.840000 -0.424817 -0.905279
16.850000 -0.415743 -0.909482
16.860000 -0.406628 -0.913594
16.870000 -0.397471 -0.917615
16.880000 -0.388276 -0.921543
16.890000 -0.379041 -0.925380
16.900000 -0.369768 -0.929124
16.910000 -0.360459 -0.932775
16.920000 -0.351113 -0.936333
16.930000 -0.341732 -0.939797
16.940000 -0.332317 -0.943168
16.950000 -0.322869 -0.946444
16.960000 -0.313389 -0.949625
16.970000 -0.303877 -0.952711
16.980000 -0.294335 -0.955702
16.990000 -0.284763 -0.958598
17.000000 -0.275163 -0.961397
17.010000 -0.265536 -0.964101
17.020000 -0.255882 -0.966708
17.030000 -0.246202 -0.969219
17.040000 -0.236498 -0.971632
17.050000 -0.226770 -0.973948
17.060000 -0.217019 -0.976167
17.070000 -0.207247 -0.978289
17.080000 -0.197453 -0.980312
17.090000 -0.187641 -0.982238
17.100000 -0.177809 -0.984065
17.110000 -0.167960 -0.985794
17.120000 -0.158094 -0.987424
17.130000 -0.148212 -0.988956
17.140000 -0.138315 -0.990388
17.150000 -0.128404 -0.991722
17.160000 -0.118481 -0.992956
17.170000 -0.108545 -0.994092
17.180000 -0.098599 -0.995127
17.190000 -0.088643 -0.996063
17.200000 -0.078678 -0.996900
17.210000 -0.068705 -0.997637
17.220000 -0.058726 -0.998274
17.230000 -0.048740 -0.998811
17.240000 -0.038750 -0.999249
17.250000 -0.028756 -0.999586
17.260000 -0.018758 -0.999824
17.270000 -0.008759 -0.999962
17.280000 0.001240 -0.999999
17.290000 0.011240 -0.999937
17.300000 0.021239 -0.999774
17.310000 0.031235 -0.999512
17.320000 0.041229 -0.999150
17.330000 0.051218 -0.998687
17.340000 0.061202 -0.998125
17.350000 0.071180 -0.997463
17.360000 0.081151 -0.996702
17.370000 0.091114 -0.995840
17.380000 0.101068 -0.994880
17.390000 0.111011 -0.993819
17.400000 0.120944 -0.992659
17.410000 0.130864 -0.991400
17.420000 0.140771 -0.990042
17.430000 0.150664 -0.988585
17.440000 0.160543 -0.987029
17.450000 0.170405 -0.985374
17.460000 0.180250 -0.983621
17.470000 0.190077 -0.981769
17.480000 0.199885 -0.979819
17.490000 0.209673 -0.977772
17.500000 0.219440 -0.975626
17.510000 0.229185 -0.973383
17.520000 0.238907 -0.971042
17.530000 0.248606 -0.968605
17.540000 0.258279 -0.966070
17.550000 0.267927 -0.963439
17.560000 0.277548 -0.960712
17.570000 0.287141 -0.957888
17.580000 0.296705 -0.954969
17.590000 0.306240 -0.951954
17.600000 0.315744 -0.948844
17.610000 0.325216 -0.945640
17.620000 0.334656 -0.942340
17.630000 0.344063 -0.938947
17.640000 0.353435 -0.935459
17.650000 0.362772 -0.931878
17.660000 0.372072 -0.928204
17.670000 0.381335 -0.924437
17.680000 0.390561 -0.920577
17.690000 0.399747 -0.916626
17.700000 0.408893 -0.912582
17.710000 0.417998 -0.908448
17.720000 0.427061 -0.904223
17.730000 0.436082 -0.899907
17.740000 0.445059 -0.895501
17.750000 0.453992 -0.891006
17.760000 0.462879 -0.886421
17.770000 0.471720 -0.881748
17.780000 0.480514 -0.876987
17.790000 0.489259 -0.872138
17.800000 0.497956 -0.867202
17.810000 0.506603 -0.862179
17.820000 0.515200 -0.857070
17.830000 0.523744 -0.851876
17.840000 0.532237 -0.846596
17.850000 0.540676 -0.841231
17.860000 0.549061 -0.835782
17.870000 0.557391 -0.830250
17.880000 0.565666 -0.824635
17.890000 0.573884 -0.818937
17.900000 0.582044 -0.813157
17.910000 0.590147 -0.807296
17.920000 0.598190 -0.801354
17.930000 0.606173 -0.795333
17.940000 0.614096 -0.789231
17.950000 0.621958 -0.783051
17.960000 0.629757 -0.776792
17.970000 0.637493 -0.770456
17.980000 0.645166 -0.764043
17.990000 0.652774 -0.757553
18.000000 0.660317 -0.750987
18.010000 0.667793 -0.744347
18.020000 0.675203 -0.737632
18.030000 0.682546 -0.730843
18.040000 0.689820 -0.723981
18.050000 0.697025 -0.717047
18.060000 0.704161 -0.710041
18.070000 0.711226 -0.702964
18.080000 0.718220 -0.695816
18.090000 0.725142 -0.688599
18.100000 0.731991 -0.681314
18.110000 0.738768 -0.673960
18.120000 0.745470 -0.666539
18.130000 0.752098 -0.659051
18.140000 0.758651 -0.651497
18.150000 0.765128 -0.643878
18.160000 0.771529 -0.636195
18.170000 0.777852 -0.628448
18.180000 0.784097 -0.620638
18.190000 0.790264 -0.612766
18.200000 0.796352 -0.604833
18.210000 0.802361 -0.596839
18.220000 0.808289 -0.588786
18.230000 0.814136 -0.580674
18.240000 0.819902 -0.572503
18.250000 0.825586 -0.564276
18.260000 0.831188 -0.555992
18.270000 0.836706 -0.547652
18.280000 0.842141 -0.539258
18.290000 0.847491 -0.530810
18.300000 0.852757 -0.522309
18.310000 0.857937 -0.513755
18.320000 0.863031 -0.505150
18.330000 0.868040 -0.496495
18.340000 0.872961 -0.487790
18.350000 0.877795 -0.479036
18.360000 0.882542 -0.470234
18.370000 0.887200 -0.461385
18.380000 0.891769 -0.452490
18.390000 0.896250 -0.443550
18.400000 0.900640 -0.434566
18.410000 0.904941 -0.425538
18.420000 0.909151 -0.416467
18.430000 0.913270 -0.407355
18.440000 0.917298 -0.398202
18.450000 0.921234 -0.389009
18.460000 0.925078 -0.379778
18.470000 0.928829 -0.370508
18.480000 0.932488 -0.361201
18.490000 0.936053 -0.351859
18.500000 0.939525 -0.342481
18.510000 0.942903 -0.333068
18.520000 0.946186 -0.323623
18.530000 0.949375 -0.314145
18.540000 0.952469 -0.304636
18.550000 0.955468 -0.295096
18.560000 0.958371 -0.285527
18.570000 0.961178 -0.275929
18.580000 0.963889 -0.266303
18.590000 0.966504 -0.256651
18.600000 0.969022 -0.246974
18.610000 0.971443 -0.237271
18.620000 0.973768 -0.227545
18.630000 0.975994 -0.217796
18.640000 0.978123 -0.208026
18.650000 0.980155 -0.198234
18.660000 0.982088 -0.188423
18.670000 0.983923 -0.178593
18.680000 0.985660 -0.168745
18.690000 0.987298 -0.158880
18.700000 0.988837 -0.148999
18.710000 0.990278 -0.139103
18.720000 0.991619 -0.129194
18.730000 0.992862 -0.119271
18.740000 0.994005 -0.109337
18.750000 0.995048 -0.099392
18.760000 0.995993 -0.089436
18.770000 0.996837 -0.079472
18.780000 0.997582 -0.069500
18.790000 0.998227 -0.059521
18.800000 0.998772 -0.049536
18.810000 0.999218 -0.039546
18.820000 0.999563 -0.029552
18.830000 0.999809 -0.019555
18.840000 0.999954 -0.009556
18.850000 1.000000 0.000444
18.860000 0.999945 0.010444
18.870000 0.999791 0.020443
18.880000 0.999537 0.030439
18.890000 0.999182 0.040433
18.900000 0.998728 0.050423
18.910000 0.998174 0.060407
18.920000 0.997520 0.070386
18.930000 0.996766 0.080357
18.940000 0.995913 0.090321
18.950000 0.994960 0.100275
18.960000 0.993907 0.110220
18.970000 0.992755 0.120153
18.980000 0.991504 0.130074
18.990000 0.990154 0.139983
19.000000 0.988705 0.149877
