0.0 1.0 0.0
0.10000000 1.00000000 0.10000000
0.20000000 0.98125000 0.19550000
0.30000000 0.95098333 0.28540396
0.40000000 0.90974648 0.36906494
0.50000000 0.85825236 0.44557796
0.60000000 0.79728878 0.51410903
0.70000000 0.72771629 0.57389496
0.80000000 0.65046829 0.62424155
0.90000000 0.56655343 0.66452459
1.00000000 0.47706005 0.69419311
1.10000000 0.38316253 0.71277604
1.20000000 0.28612884 0.71989296
1.30000000 0.18732838 0.71527064
1.40000000 0.08823828 0.69876639
1.50000000 -0.00955458 0.67039976
1.60000000 -0.10436052 0.63039289
1.70000000 -0.19440898 0.57921792
1.80000000 -0.27789253 0.51764609
1.90000000 -0.35303862 0.44678770
2.00000000 -0.41820828 0.36810679
2.10000000 -0.47200975 0.28339373
2.20000000 -0.51340252 0.19468823
2.30000000 -0.54176393 0.10416297
2.40000000 -0.55690172 0.01399515
2.50000000 -0.55901718 -0.07374355
2.60000000 -0.54863918 -0.15716099
2.70000000 -0.52655178 -0.23458142
2.80000000 -0.49373002 -0.30455482
2.90000000 -0.45128999 -0.36585001
3.00000000 -0.40045320 -0.41744064
3.10000000 -0.34252341 -0.45848972
3.20000000 -0.27887323 -0.48833638
3.30000000 -0.21093821 -0.50648678
3.40000000 -0.14021671 -0.51261097
3.50000000 -0.06827349 -0.50654708
3.60000000 0.00325466 -0.48831471
3.70000000 0.07265439 -0.45813967
3.80000000 0.13813659 -0.41649236
3.90000000 0.19785030 -0.36414127
4.00000000 0.24992123 -0.30221987
4.10000000 0.29253046 -0.23229713
4.20000000 0.32404770 -0.15642709
4.30000000 0.34321760 -0.07713574
4.40000000 0.34936129 0.00270038
4.50000000 0.34251382 0.08009253
4.60000000 0.32342192 0.15222934
4.70000000 0.29340071 0.21670710
4.80000000 0.25412956 0.27163301
4.90000000 0.20747396 0.31561835
5.00000000 0.15536879 0.34771901
5.10000000 0.09975546 0.36736846
5.20000000 0.04255400 0.37432289
5.30000000 -0.01434528 0.36862447
5.40000000 -0.06908036 0.35058341
5.50000000 -0.11981318 0.32077921
5.60000000 -0.16472884 0.28008199
5.70000000 -0.20204679 0.22969555
5.80000000 -0.23005728 0.17122192
5.90000000 -0.24720343 0.10674054
6.00000000 -0.25223571 0.03887657
6.10000000 -0.24445536 -0.02920171
6.20000000 -0.22401077 -0.09395166
6.30000000 -0.19210525 -0.15185568
6.40000000 -0.15092167 -0.19994745
6.50000000 -0.10323665 -0.23618368
6.60000000 -0.05196326 -0.25948137
6.70000000 0.00013813 -0.26953102
6.80000000 0.05055969 -0.26658666
6.90000000 0.09704926 -0.25132210
7.00000000 0.13758570 -0.22475370
7.10000000 0.17035605 -0.18821173
7.20000000 0.19374766 -0.14334922
7.30000000 0.20636825 -0.09218187
7.40000000 0.20711326 -0.03715197
7.50000000 0.19531038 0.01880458
7.60000000 0.17097419 0.07224589
7.70000000 0.13516269 0.11939025
7.80000000 0.09027840 0.15661629
7.90000000 0.03995828 0.18125351
8.00000000 -0.01164214 0.19217038
8.10000000 -0.06070861 0.18967567
8.20000000 -0.10416434 0.17498637
8.30000000 -0.13963378 0.14979821
8.40000000 -0.16529947 0.11609425
8.50000000 -0.17980323 0.07609127
8.60000000 -0.18220991 0.03224848
8.70000000 -0.17203771 -0.01269212
8.80000000 -0.14937490 -0.05565820
8.90000000 -0.11511571 -0.09324583
9.00000000 -0.07132532 -0.12189061
9.10000000 -0.02159031 -0.13842423
9.20000000 0.02912641 -0.14107974
9.30000000 0.07559990 -0.13029076
9.40000000 0.11374499 -0.10831184
9.50000000 0.14102810 -0.07810874
9.60000000 0.15606606 -0.04269731
9.70000000 0.15824334 -0.00502672
9.80000000 0.14755934 0.03197225
9.90000000 0.12462963 0.06533047
10.00000000 0.09081064 0.09201614
